%YAML:1.0
---
R: !!opencv-matrix
   rows: 3
   cols: 3
   dt: d
   data: [ 9.9982405171806366e-01, 1.6148936588186023e-02,
       -9.5434507986130630e-03, -1.6166316021452638e-02,
       9.9986779080335297e-01, -1.7467513609287165e-03,
       9.5139808896867774e-03, 1.9007264645733266e-03,
       9.9995293459569268e-01 ]
T: !!opencv-matrix
   rows: 3
   cols: 1
   dt: d
   data: [ -2.0535653615136169e+02, 3.1497943625998182e+01,
       -2.5405200045759138e+01 ]
E: !!opencv-matrix
   rows: 3
   cols: 3
   dt: d
   data: [ -1.1103765880578712e-01, 2.5461710219700006e+01,
       3.1452084594791980e+01, -2.3446971883942510e+01,
       -1.9940361613142721e-02, 2.0558932423962619e+02,
       -2.8172542956438885e+01, -2.0583804442296542e+02,
       6.5930588425019987e-01 ]
F: !!opencv-matrix
   rows: 3
   cols: 3
   dt: d
   data: [ 3.1972882097956243e-08, -7.3316050394280019e-06,
       -9.1414014383000633e-03, 6.7514686067959250e-06,
       5.7417531826994589e-09, -8.8453389995520285e-02,
       7.8845454294999718e-03, 8.7673671360064362e-02, 1. ]
R1: !!opencv-matrix
   rows: 3
   cols: 3
   dt: d
   data: [ 9.8454734807903244e-01, -1.3439294366047372e-01,
       1.1227224093611582e-01, 1.3448023229633957e-01,
       9.9089273699976799e-01, 6.8301451398425674e-03,
       -1.1216767142125693e-01, 8.3737957570925239e-03,
       9.9365401072634507e-01 ]
R2: !!opencv-matrix
   rows: 3
   cols: 3
   dt: d
   data: [ 9.8113235093215678e-01, -1.5048779093413431e-01,
       1.2137847722765117e-01, 1.5039325155192504e-01,
       9.8857575136778675e-01, 9.9926820851767729e-03,
       -1.2149559597770840e-01, 8.4503601923405728e-03,
       9.9255599921145055e-01 ]
P1: !!opencv-matrix
   rows: 3
   cols: 4
   dt: d
   data: [ 1.4106788265309724e+03, 0., 4.3435479354858398e+02, 0., 0.,
       1.4106788265309724e+03, 4.9597562026977539e+02, 0., 0., 0., 1.,
       0. ]
P2: !!opencv-matrix
   rows: 3
   cols: 4
   dt: d
   data: [ 1.4106788265309724e+03, 0., 4.3435479354858398e+02,
       -2.9526303679950692e+05, 0., 1.4106788265309724e+03,
       4.9597562026977539e+02, 0., 0., 0., 1., 0. ]
Q: !!opencv-matrix
   rows: 4
   cols: 4
   dt: d
   data: [ 1., 0., 0., -4.3435479354858398e+02, 0., 1., 0.,
       -4.9597562026977539e+02, 0., 0., 0., 1.4106788265309724e+03, 0.,
       0., 4.7777020849679485e-03, 0. ]
