%YAML:1.0

K_0: !!opencv-matrix
  rows: 3
  cols: 3
  dt: d 
  data: [1.4211952679631368e+03, 0., 6.3950000000000000e+02, 0.,
    1.4211952679631368e+03, 5.1150000000000000e+02,
    0., 0., 1. ]
K_1 : !!opencv-matrix
  rows: 3
  cols: 3
  dt: d 
  data: [1.4001623850988080e+03, 0., 6.3950000000000000e+02,
         0.,1.4001623850988080e+03, 5.1150000000000000e+02,
         0., 0., 1. ]
C_1: !!opencv-matrix
  rows: 1
  cols: 5
  dt: d 
  data: [ -1.0782824284573143e-01, -7.2878097035620343e-02,
       -1.5506212687173870e-03, -1.7309533868550472e-05,
       5.2565542536236887e-01]
C_0: !!opencv-matrix
  rows: 1
  cols: 5
  dt: d
  data: [ -1.1147966822187563e-01, 2.1789187843828084e-01,
          2.1595723989754688e-03, -4.2222881831692847e-03,
          -4.1274640132889145e-01 ]
